40860	0.06588157397974753	0.9307281469349697	0.003390279085279996
40861	0.20116967824093293	0.7968816703647884	0.0019486513942717709
40862	0.0006931614293654528	0.9993003043438108	6.534226832139142e-06
40863	0.03975026108827571	0.9331296959342807	0.027120042977447016
40864	0.011407084344333247	0.7444387839348563	0.2441541317208112
40865	0.0001908405802485984	0.999795745588488	1.3413831257208644e-05
40866	0.020223901323685473	0.9737055043728089	0.006070594303508783
40867	0.0005622062630471527	0.22415953167991884	0.7752782620570211
40868	0.6817486197688741	0.3135526696443991	0.004698710586729061
40869	0.0001259045392204182	0.9949508822962971	0.004923213164486687
40870	0.04055107000646584	0.8700109616600864	0.08943796833344561
40871	0.0033638914907799045	0.9950383471082052	0.001597761401009492
40872	6.740860077769927e-07	0.9691758151204792	0.030823510793507657
40873	0.059092236916492874	0.8749660989116961	0.06594166417181668
40874	0.4231900195378991	0.5335135829504998	0.04329639751159757
40875	0.7491468435700236	0.24085395244820235	0.009999203981776105
40876	0.0016591473135125427	0.9919206761328887	0.00642017655360551
40877	0.12044218445187699	0.8454697795881406	0.0340880359599821
40878	0.03686669234272052	0.9184705455124464	0.044662762144832
40879	0.26425664750016337	0.7296298424889697	0.006113510010866656
40880	0.017255400348147435	0.8166750168873114	0.1660695827645396
40881	0.2074993620464679	0.7754881401726741	0.017012497780851923
40882	7.651257765776197e-05	0.9671092879009205	0.03281419952141569
40883	0.27235629721225046	0.7269806861994145	0.0006630165883339608
40884	0.3730662590665221	0.531468041834856	0.0954656990986278
40885	0.1317245276030319	0.4241289950579308	0.4441464773390398
40886	0.002748895869136793	0.8860124981258374	0.11123860600501913
40887	0.03008364216435683	0.9635987897219155	0.00631756811372564
40888	0.13215718581350597	0.8674696524235037	0.0003731617629967839
40889	0.011982368108861536	0.9850240676438434	0.0029935642472987915
40890	0.09845155396139252	0.5095732544521909	0.3919751915864194
40891	0.047816630012300486	0.8765933942870365	0.0755899757006543
40892	0.12310405242864614	0.8768121406647803	8.38069065669189e-05
40893	0.0019303454844699873	0.9971696731413593	0.0008999813741674369
40894	0.006852424831339888	0.9925462035821345	0.0006013715865255377
40895	0.0005674413351043647	0.9979468300635672	0.0014857286013345967
40896	0.0020217542655414445	0.9969818151932041	0.0009964305412604375
40897	0.8240426907959908	0.17548997784318698	0.00046733136082118
40898	0.20984417527570484	0.6918037311095465	0.09835209361475493
40899	0.9060521641900181	0.09020531476987749	0.0037425210401073002
40900	0.0027258025156736048	0.9890715460305325	0.008202651453786807
40901	0.009679630115027918	0.9848373631523173	0.005483006732652038
40902	4.165285720909945e-06	0.9999897241945805	6.110519694593666e-06
40903	0.07670987893213284	0.9210237931417671	0.002266327926093034
40904	0.0026921096875784007	0.996756453255165	0.0005514370572539933
40905	0.007958136935071646	0.9789819131594604	0.013059949905464704
40906	0.0001811611951328653	0.9997559884644247	6.285034044635302e-05
40907	0.003189024486043786	0.07922628776807757	0.9175846877458794
40908	0.023579033071842767	0.97620229957681	0.00021866735134857217
40909	0.059417222737858634	0.8418139986075852	0.0987687786545502
40910	0.03415647697092548	0.8300272273685546	0.13581629566051315
40911	0.5711830700637223	0.4236659398243803	0.005150990111894447
40912	0.009615622367326371	0.9768749589225291	0.01350941871014299
40913	0.42026521903341296	0.5071862705778455	0.0725485103887427
40914	0.0009380831768435927	0.9982035279601918	0.000858388862965354
40915	0.030387913675536865	0.9647494839324474	0.0048626023920097985
40916	0.05235802550145133	0.9471832239611955	0.00045875053735570156
40917	0.030253640381584603	0.9674867669793851	0.0022595926390305923
40918	0.3579427620063391	0.5100942807389479	0.13196295725471438
40919	0.023108421887144466	0.9736639090218103	0.0032276690910472954
40920	0.007842020651533093	0.8890810191882967	0.10307696016017329
40921	8.314986878891193e-05	0.9998782772917943	3.857283942290814e-05
40922	0.0978485900511411	0.6351183998686062	0.2670330100802508
40923	7.332333085602022e-05	0.9994055065205056	0.000521170148631602
40924	0.00010576527027938897	0.9995268026891232	0.0003674320406012337
40925	0.011265669988991249	0.8977724258886273	0.09096190412238034
40926	0.0005859834238506005	0.9990781680312755	0.0003358485448802974
40927	0.016140327041591587	0.7012582907358286	0.28260138222257397
40928	0.26212517953486947	0.6213313428556542	0.11654347760948329
40929	0.001826539651450651	0.9980006022208865	0.00017285812767222196
40930	0.013712257518196193	0.9852421183820875	0.001045624099714701
40931	0.7016280216443215	0.2624942727755301	0.03587770558014847
40932	0.9118221721784314	0.08602070324380832	0.002157124577756444
40933	0.0004468097866895472	0.9893770215266785	0.010176168686641167
40934	0.00028017049385932897	0.9996494728866191	7.035661952144574e-05
40935	0.03783064866464315	0.9283709989057355	0.03379835242962293
40936	0.030663969415309834	0.9476601890854349	0.02167584149925387
40937	0.10451273988156008	0.1521234444533723	0.7433638156650644
40938	0.053650081781839526	0.5758817892610533	0.37046812895710685
40939	0.003918285898276781	0.9919308816365594	0.00415083246516935
40940	0.02594828546798531	0.721185516703711	0.25286619782830694
40941	0.09409586583400868	0.7332993610513681	0.17260477311461675
40942	0.024272283756609815	0.9756650263858738	6.268985752081492e-05
40943	0.01395591251630113	0.9840828045303596	0.0019612829533377377
40944	0.0007840099579423398	0.9829853980973057	0.01623059194474635
40945	0.003501823035393176	0.9784367866333422	0.018061390331269054
40946	0.21047025296100424	0.7698612975321701	0.01966844950682523
40947	0.30699366723989713	0.5583029556469027	0.1347033771131999
40948	0.8589123381301831	0.13721672188631	0.0038709399835127932
40949	1.2016680506083665e-05	0.9995350418078103	0.00045294151167796996
40950	0.35603864023204523	0.6114343007371923	0.03252705903076397
40951	0.008985578067045514	0.9803846939300493	0.010629728002906087
40952	0.78373033461957	0.06991997776864116	0.14634968761178882
40953	0.0536710986158909	0.9340179180450942	0.01231098333901698
40954	0.08357859821636764	0.9010376759821542	0.015383725801476615
40955	0.05323895130671103	0.2775908519885125	0.6691701967047751
40956	0.04790498332134124	0.1683718568846432	0.7837231597940155
40957	0.0008133153655204701	0.9991649457654672	2.1738869008667727e-05
40958	0.2706164208549325	0.7044050876404183	0.024978491504649532
40959	0.5723323564373329	0.4177236574861708	0.00994398607649866
40960	0.005913391467963182	0.99060319675124	0.003483411780796511
40961	9.870421525414105e-05	0.5001412825487592	0.4997600132359825
40962	0.0007024316417938125	0.7900887242931769	0.2092088440650314
40963	0.5435837945062495	0.43714078542748075	0.019275420066270362
40964	0.1462216049208494	0.8354883648467302	0.018290030232425206
40965	0.002540326279169577	0.9963736640895742	0.0010860096312497514
40966	0.0075175633620740145	0.9908317706967972	0.001650665941121727
40967	4.706967513490785e-05	0.9998909566608976	6.197366397933585e-05
40968	0.8838725278810458	0.11395234892991722	0.0021751231890373792
40969	0.13151390588807887	0.7944973571235437	0.07398873698837302
40970	0.04553256021065872	0.5106048705896182	0.4438625691997233
40971	0.00243260407331298	0.9974220041544091	0.00014539177227915767
40972	0.00223184668719756	0.9913419461167713	0.006426207196044992
40973	0.014082591150671852	0.2861142055098296	0.6998032033394948
40974	0.0001010640726513567	0.9994645036994889	0.0004344322278491747
40975	0.03476612466168019	0.9595492361337109	0.0056846392046117815
40976	0.3700590861538079	0.31065180086780897	0.31928911297838114
40977	0.059564710228572536	0.6445746675930364	0.2958606221783902
40978	0.0011275631203251613	0.9987722172578842	0.00010021962178369952
40979	0.008472792352797331	0.955682658427038	0.03584454922016384
40980	0.017077674456781947	0.9785840622089801	0.004338263334237854
40981	0.03775592003903419	0.9607985181594244	0.001445561801541602
40982	6.69382158349217e-06	0.9999914811649172	1.8250134905124961e-06
40983	0.0009061936889870482	0.9946925781617925	0.004401228149215331
40984	0.038962084499884586	0.5328127337384941	0.4282251817616255
40985	0.03570954558531689	0.9620638495696742	0.0022266048450064343
40986	0.0010314546882697433	0.9972803851248517	0.0016881601868770633
40987	0.1380912177837224	0.8535847031785309	0.00832407903774826
40988	0.09319442126960832	0.30045080274516983	0.6063547759852209
40989	0.0004330549672034952	0.9995255233299595	4.1421702849265064e-05
40990	0.022685800510021427	0.6158757827500537	0.36143841673992627
40991	0.015269731056232758	0.7262416424552675	0.25848862648849813
40992	0.027891667779766104	0.9608635036081457	0.011244828612091775
40993	0.0063964841099674015	0.9917313050747604	0.0018722108152781297
40994	0.0005698630916290015	0.7191179619613817	0.28031217494700206
40995	0.22365028124177602	0.7670493181208908	0.009300400637334422
40996	0.7233435464384075	0.12489606452227278	0.15176038903931463
40997	0.01994689702252945	0.9779929557607525	0.00206014721671137
40998	0.3014292184294175	0.693272209964821	0.005298571605764209
40999	0.0035148122616398773	0.9919390725739988	0.00454611516436257
41000	0.0004335877847551416	0.9994510276961434	0.00011538451909228046
41001	0.0034232226338069185	0.9965545760443633	2.2201321828041802e-05
41002	0.5495332140968565	0.2532578421659859	0.19720894373715192
41003	0.05952882626151098	0.9168964210390452	0.02357475269944363
41004	0.06013659160224609	0.665069853439564	0.27479355495819147
41005	0.040973141254862934	0.8840432935818994	0.07498356516323873
41006	0.6843317153216094	0.30989426190274233	0.005774022775642787
41007	0.06412263296730472	0.9265390438822498	0.009338323150445449
41008	0.00028708949505010673	0.999228086679481	0.0004848238254725542
41009	0.00019192179031518312	0.7342035739765922	0.26560450423309107
41010	0.28109062057411177	0.6513665457335879	0.0675428336923015
41011	0.009007555602293625	0.9895633813389901	0.0014290630587186347
41012	0.1533050298369817	0.6391317691754456	0.20756320098757408
41013	0.23650551161338487	0.48569775354898376	0.2777967348376342
41014	0.0026019957401180725	0.9673212426608255	0.03007676159905847
41015	0.26790374415540846	0.6805452907515565	0.05155096509303218
41016	0.1420315989200291	0.8558879653031022	0.002080435776865471
41017	0.8743273305252273	0.01696244020749307	0.10871022926728079
41018	0.979119610639429	0.005662899209842977	0.01521749015072554
41019	0.0008541381485119017	0.8775747207314621	0.1215711411200189
41020	0.17797476460825376	0.6300274873020763	0.19199774808967043
41021	0.005742581338197826	0.5234077081442904	0.47084971051751695
41022	0.4482842717015558	0.5448974360866015	0.006818292211840941
41023	0.38294333287235577	0.5242289375304587	0.09282772959718072
41024	0.002193951287214093	0.016565859775160587	0.9812401889376201
41025	0.08448711263670323	0.9137320032172185	0.0017808841460782775
41026	0.013392209093413186	0.9797245287092853	0.006883262197299512
41027	0.005294400190525798	0.30164853181197226	0.6930570679975087
41028	0.0002337044681644372	0.09677198620228283	0.902994309329547
41029	0.002991445108282843	0.21997253415740858	0.7770360207343068
41030	0.2262693946772827	0.7711890891105425	0.002541516212176371
41031	0.002515811493564767	0.9625444989589301	0.03493968954751755
41032	0.004107478753852733	0.9866536186362195	0.009238902609926207
41033	0.0336652510329583	0.4255205632244803	0.5408141857425619
41034	0.046262524628212925	0.5893933013378998	0.36434417403388597
41035	0.08224596578067803	0.9042208420252327	0.013533192194087015
41036	0.059127056697138136	0.8437913424952689	0.09708160080759647
41037	0.0002378272358587063	0.9997341390497103	2.803371442053049e-05
41038	0.48520257932256755	0.39750384792228266	0.11729357275514625
41039	0.05817872522164614	0.8996402009312775	0.042181073847077845
41040	0.03656383940462802	0.49415171007656095	0.469284450518813
41041	0.07706847387816781	0.20739907600774907	0.7155324501140822
41042	0.0007981563721750879	0.9991582941754373	4.354945239920525e-05
41043	6.852819042576819e-05	0.992859808371118	0.007071663438450073
41044	0.017995001612764915	0.9532230887907068	0.028781909596527114
41045	0.12140894947752197	0.8225093724421924	0.05608167808028666
41046	0.008418634810559317	0.9893994065356475	0.0021819586537874594
41047	0.2515706331923485	0.7473260947019023	0.0011032721057484052
41048	0.35876658106485576	0.6102628076077106	0.030970611327433773
41049	0.448626470079529	0.4515224157553131	0.09985111416515642
41050	0.03972154585236745	0.5067417575391152	0.4535366966085204
41051	0.2988777512810206	0.7002517993252796	0.0008704493936979833
41052	0.006439572937087673	0.9918762474718952	0.0016841795910161688
41053	0.08030870473958697	0.8985751738818267	0.021116121378586233
41054	0.01467506390642341	0.9850631854799115	0.0002617506136704842
41055	0.2120314250808876	0.42384299552679233	0.3641255793923234
41056	0.010337774017700576	0.8879791736027283	0.101683052379574
41057	0.0019390556043593324	0.9979908274582657	7.011693736943403e-05
41058	0.06175383025874346	0.8738099120967617	0.0644362576444924
41059	0.007804732642309942	0.3503651312584739	0.6418301360992181
41060	0.10082267059586505	0.8939985200808193	0.005178809323304473
41061	0.003187240140482272	0.7699614351377279	0.22685132472179112
41062	0.025366866461387368	0.8188914499669344	0.1557416835716787
41063	0.0892266094184637	0.807655842018019	0.10311754856351697
41064	0.0017063857688574748	0.9979611305913948	0.00033248363974939306
41065	0.003074026648195872	0.3850459449449904	0.611880028406811
41066	0.009540075651707336	0.990175838234096	0.0002840861142006036
41067	0.009364661052101644	0.9881843214859884	0.0024510174619156774
41068	0.03263978983960651	0.9657521516631163	0.0016080584972788916
41069	0.050326309126090055	0.9496602336168408	1.3457257075501644e-05
41070	0.031440433766608655	0.8754039765423061	0.09315558969108517
41071	0.10678200613206314	0.8336629411872708	0.0595550526806677
41072	0.7656060224302433	0.2258729882429066	0.008520989326848732
41073	0.0012966218653926269	0.9921970138619761	0.006506364272629199
41074	0.30018596547990833	0.6997636349513476	5.0399568738816835e-05
41075	0.033943017632850424	0.9658118556115207	0.0002451267556253702
41076	0.8828553394870432	0.062230696129609575	0.054913964383345955
41077	0.1313428314817199	0.8602070077023483	0.008450160815933779
41078	0.0007670596645918965	0.9298537862130714	0.06937915412233513
41079	0.02730422151758688	0.9664030269340733	0.006292751548345723
41080	0.0017385158984400345	0.9979523074950395	0.00030917660652439704
41081	0.06434871693922468	0.8283674405228175	0.10728384253796093
41082	0.2528030310861709	0.7224040948810281	0.0247928740328037
41083	0.002866220063005068	0.9915711796213081	0.005562600315689094
41084	0.8445219259194233	0.1549953348953711	0.0004827391852024623
41085	0.059386022935965004	0.9403704108993973	0.00024356616464061672
41086	0.18093087090141702	0.8150107943866688	0.004058334711915212
41087	0.0024993783378950397	0.9734358356720174	0.02406478599009018
41088	0.005225699476232938	0.9553359814041228	0.03943831911964477
41089	0.007389000070925	0.6063702797630107	0.3862407201660644
41090	0.08411904538725473	0.909479328319313	0.006401626293434095
41091	0.02263534070712711	0.8417816429409049	0.13558301635197068
41092	0.09823477444243564	0.29373304061756667	0.6080321849399973
41093	0.018689045183958426	0.9584816634179446	0.022829291398094215
41094	0.20256327920227835	0.6754518595818628	0.12198486121586344
41095	0.04088439935744502	0.8598192096577099	0.09929639098484139
41096	0.015638617195765054	0.9793021470820117	0.0050592357222215755
41097	0.0011849115734160769	0.9987785969725378	3.6491454048565564e-05
41098	0.7152474303395994	0.21884999521671633	0.06590257444368618
41099	0.015198042305306837	0.9736006730306476	0.011201284664042608
41100	0.008343412585680918	0.7828354850170139	0.20882110239730606
41101	0.008279730630494468	0.9277540275256386	0.06396624184386433
41102	0.002627114726377453	0.994671361427483	0.0027015238461441534
41103	0.004585362171339156	0.9909767781940759	0.004437859634588673
41104	0.03489182179722016	0.9629210385658378	0.002187139636940678
41105	0.06320209115931788	0.887657958788215	0.04913995005246716
41106	0.019208115353098965	0.9797366968877743	0.0010551877591247448
41107	0.48721914541174055	0.4449231432797371	0.06785771130852006
41108	0.003309290048812441	0.06775085519350944	0.9289398547576776
41109	0.001526145851151889	0.997940746131865	0.0005331080169866407
41110	0.0174788808850009	0.9824381282800662	8.299083493676348e-05
41111	0.00037509320359034907	0.9995249199662245	9.998683018200505e-05
41112	0.21094668482837575	0.7777636034530223	0.01128971171860018
41113	0.013929819577736847	0.9410540922651497	0.04501608815711008
41114	0.14795184659066565	0.8515510849283366	0.0004970684809931233
41115	0.9408271802058559	0.05432165994946549	0.004851159844678787
41116	0.003796274294448396	0.9665495397302787	0.029654185975273042
41117	0.0001492637639804722	0.004595340533783593	0.9952553957022426
41118	0.18667496734272507	0.7968410394968637	0.016483993160412193
41119	0.08540894053184608	0.20131218935585474	0.7132788701122974
41120	0.006864787316448979	0.9565997668318794	0.036535445851668624
41121	0.028322146231509186	0.9539813504322157	0.017696503336271787
41122	0.7701659427756371	0.2153310882294084	0.01450296899495187
41123	0.000782831222187963	0.9954951527725878	0.0037220160052266705
41124	0.03335630522829536	0.598542550663989	0.3681011441077154
41125	0.0006801660774932281	0.9958732614282376	0.003446572494274755
41126	0.02701470195338563	0.9693167855569025	0.003668512489710272
41127	0.09019988631188934	0.9074944500054472	0.00230566368266168
41128	0.000652516370164606	0.993557680754536	0.005789802875296801
41129	0.0002629306645096206	0.9895635289570496	0.010173540378437278
41130	0.0021555267320558765	0.5951690728706762	0.40267540039726446
41131	0.07138043497403314	0.9285845868644382	3.4978161522056644e-05
41132	0.0005740129769463214	0.9476997535020032	0.05172623352104389
41133	0.008528648109387136	0.9909551927867497	0.0005161591038650651
41134	0.056768427032205464	0.9401143608110719	0.003117212156717199
41135	0.029435855883264996	0.47174195969665134	0.49882218442008464
41136	0.09993362690561658	0.7124223987977494	0.18764397429663282
41137	0.2863483123516747	0.680446927365341	0.03320476028298245
41138	0.17647528531738607	0.6249538665876783	0.19857084809493641
41139	0.07484034444468797	0.5361548953451887	0.3890047602101221
41140	0.45556652215681515	0.3702586325873514	0.17417484525583551
41141	0.11026738955222334	0.3543741447730267	0.535358465674752
41142	0.27947307942220184	0.7094145520274548	0.011112368550348025
41143	0.0017934461071343094	0.9978823967475478	0.0003241571453241694
41144	0.0034617027527320023	0.9965256652449962	1.2632002274007568e-05
41145	0.033811328603821925	0.14218585271460435	0.8240028186815739
41146	0.21637792337186337	0.5199589404526366	0.26366313617549936
41147	0.037676298254243686	0.8182777863340448	0.14404591541171088
41148	0.030860476490695548	0.9619409438651219	0.007198579644186789
41149	3.919286170984825e-05	0.9998562904055323	0.00010451673276063071
41150	0.7921603147495676	0.1972123416425638	0.010627343607866309
41151	0.0028951875721893185	0.9924510672512834	0.004653745176531684
41152	0.0011084219796766814	0.9357934652925115	0.0630981127278124
41153	0.19990630387384373	0.21975740033483432	0.5803362957913196
41154	0.4104739323811533	0.5747481217069322	0.014777945911907528
41155	0.005608797465581479	0.9895934999480652	0.004797702586349541
41156	0.002255346051402946	0.3560030165478749	0.641741637400726
41157	0.03396847115957797	0.9629020919414384	0.0031294368989871115
41158	0.020585199363018513	0.6172687413386745	0.3621460592983075
41159	0.015049402258848424	0.9820182848118945	0.0029323129292640688
41160	0.4289387418667742	0.33461655584181077	0.23644470229141012
41161	0.03637459555896143	0.9142070084308079	0.0494183960102321
41162	0.03507856385809725	0.9618799151473335	0.0030415209945704345
41163	0.0005171293142889251	0.7194474448136813	0.2800354258720278
41164	0.0020282759088511818	0.791223876188752	0.20674784790240314
41165	0.1194622787260726	0.19023594872360072	0.6903017725503263
41166	0.3946001102212527	0.17619412805447623	0.4292057617242714
41167	0.16836054757743696	0.8314815978876363	0.0001578545349323271
41168	0.9192246311217485	0.08033963337779683	0.00043573550045851336
41169	0.22740685678489125	0.7612527086825831	0.0113404345325259
41170	0.33451551310332334	0.6554240978675321	0.010060389029147639
41171	0.04047770573974707	0.9328378682989074	0.026684425961340064
41172	0.0039720307785776855	0.9182787832702306	0.07774918595118857
41173	0.5366777488043717	0.46308190310203734	0.0002403480935859405
41174	0.04133588672994388	0.7039836584822546	0.2546804547877982
41175	0.8718800495388631	0.1274036102948485	0.0007163401662780815
41176	0.0014104774955026715	0.9981663957968122	0.00042312670768088987
41177	0.0033555092111793965	0.8753723663964635	0.12127212439235409
41178	0.907741827704761	0.0878969276395698	0.004361244655672573
41179	0.09814451075249417	0.0902629656416108	0.8115925236058945
41180	0.24538530837047184	0.70123366842807	0.05338102320145822
41181	0.0015036156875520646	0.9919289782846658	0.006567406027787845
41182	0.005353362217508606	0.9902453091638066	0.004401328618683379
41183	0.062299454231644895	0.8049000496372715	0.13280049613108175
41184	1.0223911755499256e-06	0.9999985126653689	4.6494345971598195e-07
41185	0.5180286291693906	0.44931894693748814	0.032652423893120994
41186	0.9999868572177284	8.928574492509611e-06	4.214207772498534e-06
41187	0.002154021126112729	0.22792448985591632	0.7699214890179779
41188	0.08835116560698084	0.8876239872431348	0.024024847149883632
41189	0.005778992338991575	0.9927466370857038	0.0014743705753026161
41190	2.7012984780630443e-05	0.9999325819318167	4.0405083401869494e-05
41191	0.008173208389493867	0.9141397164098006	0.07768707520070002
41192	0.04548871127623795	0.8406856217892387	0.1138256669345222
41193	0.15492420498035897	0.8376429716875621	0.007432823332078732
41194	0.8538874974211782	0.14535662358162058	0.0007558789972064715
41195	0.06257662543036549	0.6019613421568311	0.33546203241279776
41196	0.014644911128202931	0.9279215070239024	0.057433581847898554
41197	0.0057012649859090134	0.649198376803917	0.34510035821017343
41198	0.012097804069422416	0.7312667493078711	0.25663544662270726
41199	0.0010357138684052906	0.671054810602467	0.32790947552913224
41200	3.635821910341634e-05	0.9992529146893375	0.0007107270915498156
41201	0.00012968540465679236	0.9993931243949133	0.0004771902004251987
41202	0.0010819422815580406	0.08647747270335408	0.9124405850150853
41203	0.01463050634320367	0.2595810868093261	0.7257884068474739
41204	0.08371439115162169	0.9160457896092391	0.00023981923914431853
41205	0.04189868999473468	0.8572817937158457	0.10081951628942322
41206	0.007631988343984672	0.4726217519897785	0.5197462596662346
41207	0.051339493103103075	0.9439687206664327	0.004691786230458865
41208	0.04004937051080778	0.9418207304495134	0.018129899039673696
41209	0.01059832247962028	0.9586688815267805	0.030732795993600678
41210	0.03693049093578929	0.3372883877179625	0.6257811213462476
41211	0.08362029226456207	0.3125426159372988	0.6038370917981398
41212	0.015770497046147178	0.971423725251982	0.012805777701858171
41213	0.0011875522752144312	0.9891369113734609	0.00967553635131779
41214	0.0042358233277462335	0.989267963050218	0.006496213622041532
41215	0.06299947835909067	0.8612369266875135	0.07576359495340053
41216	0.6377534733566675	0.3608291749477085	0.0014173516956299214
41217	0.05365502079848546	0.9409117494350955	0.005433229766421584
41218	0.007689461964738391	0.9365906668035937	0.05571987123166958
41219	0.0015002911998244965	0.9234174139301138	0.07508229487006701
41220	0.3294585928177908	0.5761693104647311	0.09437209671747301
41221	0.1929690739312456	0.6702986927785792	0.13673223329017473
41222	0.009214440108712644	0.9905203723831691	0.00026518750812455817
41223	0.0011866077470992352	0.9987648792897825	4.851296311855118e-05
41224	0.13086307417601586	0.4135521031598678	0.4555848226641148
41225	0.03250411560693347	0.36633552412798887	0.6011603602650764
41226	0.029319166547495525	0.9702176997372747	0.00046313371523792814
41227	0.0031655042635595726	0.9968236098940173	1.0885842421755116e-05
41228	0.10235842390579171	0.8939977804222008	0.003643795672004913
41229	0.00991538907216675	0.9896281529444877	0.00045645798334992076
41230	0.9809724769185935	0.018343810852534063	0.00068371222887143
41231	0.9503399596930655	0.04128147531036867	0.008378564996566534
41232	0.020862524921242784	0.818295195665826	0.1608422794129286
41233	0.009023782473575092	0.8768100728672216	0.11416614465920515
41234	0.7584479745313596	0.2294682523465477	0.012083773122095834
41235	0.014664334791930857	0.9848117074190679	0.0005239577890045885
41236	0.027915251465576676	0.9713732255876582	0.0007115229467654068
41237	0.03281392743356735	0.9088626866012013	0.05832338596523398
41238	0.0006931614293654528	0.9993003043438108	6.534226832139142e-06
41239	0.03583432899457364	0.9138959569896187	0.05026971401581837
41240	0.2779786979945978	0.7153198132984717	0.006701488706935811
41241	0.3965241263050709	0.5609585170180788	0.042517356676851116
41242	0.03944807654607951	0.9604327588600439	0.0001191645938718715
41243	0.669357930842734	0.32930571136965436	0.0013363577876106337
41244	0.9375251420727069	0.06230739874831017	0.00016745917897764654
41245	0.000807041199611982	0.9941171168362327	0.00507584196415359
41246	0.06343845940223938	0.9354802799164686	0.0010812606812954464
41247	0.0012467293482574405	0.10613833233478846	0.8926149383169509
41248	0.016125527653709722	0.30473953799632014	0.6791349343499691
41249	0.000994658402192998	0.9887839695325071	0.010221372065305054
41250	0.10710356527140975	0.29241322056824287	0.6004832141603539
41251	0.0020270506775304166	0.9880008874964311	0.00997206182603805
41252	0.00047909147874191467	0.9982950515468122	0.0012258569744414507
41253	0.0017072108688959001	0.9974705300661649	0.0008222590649421507
41254	0.48624455326544086	0.4592914282844942	0.05446401845006959
41255	0.08815032579614218	0.9107455177572161	0.0011041564466402081
41256	0.003002689939134115	0.9485640910277087	0.04843321903315762
41257	0.00022790036660572747	0.9987928998728033	0.0009791997605916032
41258	0.0035599478850053138	0.9935288302665422	0.002911221848453967
41259	0.0009433117375951984	0.8217496606507336	0.17730702761166975
41260	0.011692540562333039	0.9533756254461443	0.034931833991516996
41261	0.040941554705331985	0.9360346465691755	0.023023798725494
41262	0.11955372727261285	0.8069158816807799	0.07353039104660122
41263	0.014383746788186463	0.9844461702524631	0.0011700829593492574
41264	0.0008091310750744943	0.9948879463989433	0.004302922525978277
41265	0.0028837588083795444	0.9942295273997503	0.0028867137918728264
41266	0.0030228769360102943	0.9964625702892159	0.0005145527747792966
41267	0.09620642012647326	0.6978729463708913	0.20592063350263853
41268	0.022145402857811133	0.9616640671378728	0.016190530004318488
41269	0.0005986048849550094	0.9992516716464618	0.00014972346857495793
41270	0.04547809783669916	0.8805120980037092	0.0740098041595917
41271	0.0025887875160902026	0.9368117942255197	0.060599418258389694
41272	0.07785448624054696	0.7443752932181155	0.17777022054133942
41273	0.002983126823563373	0.9959653880710833	0.001051485105359201
41274	0.017597823296418798	0.9655094999427863	0.016892676760794506
41275	0.016563453193000472	0.9791753528090148	0.004261193997970975
41276	0.009039044353955623	0.9879206898104648	0.0030402658355749134
41277	0.0004984924875573328	0.9986279343941807	0.0008735731182594043
41278	0.010051543334771294	0.1952566364111357	0.7946918202540926
41279	0.04418175756607828	0.46237440129365054	0.4934438411402741
41280	0.5107036848091483	0.44539294991478057	0.04390336527606943
41281	0.002756197783230018	0.9380264734804493	0.0592173287363135
41282	0.026983096253736096	0.9726118027870341	0.0004051009592293279
41283	0.03139799908333745	0.9684322531657196	0.0001697477509467649
41284	0.0833248045587186	0.4806324340859015	0.43604276135537806
41285	0.051605343101207235	0.7683399049802486	0.1800547519185383
41286	0.2850394321286063	0.686592931165095	0.028367636706299867
41287	0.0014761921909213333	0.9976134026297439	0.0009104051793319897
41288	0.03209610807044261	0.9615068441057647	0.006397047823790244
41289	0.02367654547117058	0.6431490871882878	0.3331743673405427
41290	0.9084171502190741	0.0866234592801916	0.004959390500734516
41291	1.7018752618727094e-05	0.17089372769894134	0.8290892535484362
41292	0.010320746465643519	0.9808097351354025	0.008869518398955608
41293	0.04018675529729042	0.740466474323914	0.21934677037879724
41294	0.1390066065128481	0.7181750832571029	0.14281831023005212
41295	0.0003059909586282913	0.9894418942940089	0.0102521147473698
41296	0.022233212107837835	0.8820155906143545	0.09575119727781087
41297	0.533330598151692	0.3289379779430061	0.13773142390530832
41298	0.5671474438006064	0.39394782913557314	0.038904727063823356
41299	0.00015304808753842643	0.9997948816895941	5.2070222870622674e-05
41300	0.3970474528590282	0.5248890715913053	0.0780634755496721
41301	0.004722540532243911	0.33346265803698816	0.6618148014307647
41302	0.03403009913419918	0.9656399666870971	0.0003299341787093651
41303	0.7086245263655628	0.28793228830781986	0.003443185326623207
41304	0.00509274154466899	0.7674593316180105	0.2274479268373168
41305	0.004886839478906403	0.9947067265213538	0.00040643399975321255
41306	0.21279842184685507	0.29703346045431234	0.4901681176988324
41307	0.00044194616873093404	0.999510061653575	4.799217768233725e-05
41308	0.0014695793945472247	0.9980680513880386	0.0004623692174110808
41309	0.0018736635055161533	0.9973054396579271	0.0008208968365578968
41310	0.03629870341651969	0.9006166208592709	0.06308467572421171
41311	0.4973488018471041	0.29742578764642924	0.20522541050646684
41312	0.011947703757066485	0.9141227882693771	0.07392950797355943
41313	0.00039708541685841447	0.9978312446293967	0.0017716699537561487
41314	0.0017892679685172035	0.9811125631167672	0.01709816891470636
41315	0.006052467170188335	0.9824301572120007	0.01151737561780776
41316	0.005640605356689906	0.9942519344852451	0.00010746015806362553
41317	0.03818034366792362	0.9615381368159194	0.0002815195161633366
41318	0.14478013632205497	0.8409276450656319	0.01429221861231231
41319	0.145740767474675	0.5889915288692235	0.2652677036561032
41320	0.005855517706505138	0.43536223336662855	0.5587822489268653
41321	0.001173842254054635	0.995921573342843	0.002904584403113423
41322	0.00036731838531884464	0.9996211977184684	1.1483896208010703e-05
41323	0.0019002844710438566	0.9299998975101726	0.06809981801878763
41324	0.00011332427733253434	0.6331114658837941	0.36677520983887557
41325	0.03703369845921808	0.9497501338864663	0.013216167654316343
41326	0.04446374695780695	0.2647342033367641	0.6908020497054264
41327	0.05266454221311334	0.9058102799141478	0.041525177872740404
41328	0.4392605402115987	0.4998132209655426	0.06092623882285828
41329	0.04157873264702998	0.9542004444040073	0.004220822948962601
41330	0.003222676949309892	0.9683648351977373	0.028412487852951564
41331	0.011505578242496808	0.9694002384457685	0.019094183311736367
41332	0.05383488362763415	0.7407344323380788	0.2054306840342861
41333	0.015048842322515852	0.984598321758515	0.0003528359189659806
41334	0.036401203050010766	0.918642439530438	0.044956357419557544
41335	0.3002042322511623	0.5409160045835907	0.15887976316524838
41336	1.098692823637886e-05	0.6706207948840649	0.32936821818769885
41337	0.6638995443030372	0.3317877893190995	0.004312666377865124
41338	0.5143935270383929	0.47876224932036976	0.006844223641236453
41339	0.0018385233352583076	0.9563350492095142	0.04182642745523025
41340	0.009237462375851548	0.9523262922914535	0.03843624533269153
41341	0.05694131467300296	0.8687285949207844	0.07433009040620574
41342	0.014406303069124013	0.977654791729222	0.007938905201654554
41343	0.12510738467834723	0.8748266761034929	6.593921815549067e-05
41344	0.11525106555667337	0.256629253914189	0.628119680529137
41345	0.09153414798491294	0.8027397373244142	0.10572611469067246
41346	0.023252006876774044	0.9753890469354108	0.0013589461878251124
41347	0.03725036977189235	0.8110569815305054	0.15169264869760363
41348	0.6635914929628959	0.33328875739572505	0.003119749641374058
41349	0.05476055473238086	0.9389093930383129	0.006330052229310147
41350	0.04195419777369561	0.08350269823449777	0.8745431039918091
41351	0.3748126884387058	0.16559764880449956	0.4595896627568014
41352	3.6071975617130954e-05	0.9935046718738532	0.006459256150528849
41353	0.057983747130939726	0.937169171568624	0.004847081300438241
41354	0.001985085101699127	0.9784931041980321	0.019521810700268954
41355	0.15588214673313588	0.6441148730076128	0.20000298025924895
41356	0.015383218922165917	0.2558044800098102	0.7288123010680296
41357	0.2827420028484011	0.38076907701632806	0.3364889201352683
41358	0.029058731006553387	0.6378444728496044	0.33309679614384247
41359	2.830806493012919e-05	0.9999164656673782	5.5226267704386134e-05
41360	0.01261245295284412	0.9862875844491978	0.001099962597960436
41361	0.054888723777960634	0.1457288262151849	0.7993824500068546
41362	0.110447167424843	0.8455149165744634	0.044037916000693234
41363	1.2041884964153337e-05	0.0029752332055164982	0.9970127249095309
41364	0.00015749451110116212	0.9997955572598276	4.694822908143871e-05
41365	0.00726706920753664	0.9923872569965745	0.0003456737958794217
41366	0.03142915190696992	0.9522516315772195	0.0163192165158116
41367	0.017890958479834216	0.9811129198898016	0.0009961216303692973
41368	0.19540416165098393	0.7969802673469785	0.0076155710020348825
41369	0.027843067783975897	0.9341281578056208	0.03802877441040515
41370	0.09557503441375419	0.9018459854297265	0.0025789801565229992
41371	0.018062398505826405	0.8994961972267626	0.08244140426741534
41372	0.038236778586073106	0.9435911808317277	0.018172040582197957
41373	0.00019705839287532007	0.6314520019988906	0.3683509396082249
41374	0.07768035199387367	0.6732153726642638	0.2491042753418661
41375	0.028278483340611983	0.9361727005561524	0.03554881610323456
41376	0.0008852984488471878	0.9990867963542117	2.790519693480435e-05
41377	0.15373556310689002	0.8331585870390533	0.013105849854060036
41378	0.06957934944859964	0.8522633778403033	0.07815727271109704
41379	0.09176407886554884	0.8746907177538382	0.033545203380613293
41380	0.126883492936064	0.7589613943204282	0.11415511274350927
41381	0.619094817161344	0.37992224675741887	0.000982936081241054
41382	0.008994790135949914	0.9615911864731006	0.029414023390946478
41383	0.0072079334655916864	0.8935842271076869	0.0992078394267222
41384	0.0018154240482819673	0.9591306267296661	0.039053949222050965
41385	0.9000180070204492	0.08432288945726571	0.015659103522287502
41386	0.02433987543549172	0.8544797631203076	0.12118036144420381
41387	0.01210497147434499	0.9709510289950443	0.016943999530615532
41388	0.27472919816173796	0.6578306333079307	0.06744016853032789
41389	0.3265097969754606	0.5991366481300747	0.07435355489446648
41390	0.15245164879124232	0.35816134647342	0.4893870047353309
41391	0.06944882069862433	0.9289346043199117	0.0016165749814609969
41392	0.3452107911150059	0.3995533851215681	0.25523582376342674
41393	0.4008154079397499	0.5691951443267668	0.029989447733486094
41394	0.03708305448344558	0.6502843616653878	0.31263258385116854
41395	0.002382957100024793	0.2536967011915965	0.743920341708379
41396	0.2869812559582974	0.6993989815439347	0.013619762497772662
41397	0.00533888794341051	0.9941605973540106	0.0005005147025743911
41398	0.04826108721653619	0.8084058182721303	0.14333309451133477
41399	0.002675486609974868	0.9972983887320096	2.612465801813664e-05
41400	0.5535655067397451	0.44601678393597605	0.000417709324275377
41401	0.0069123892430465106	0.8987993810070734	0.09428822974988045
41402	0.0005813668410115675	0.9508385145753664	0.048580118583616334
41403	0.688050593620514	0.2802767559156918	0.03167265046379224
41404	0.24524581930188455	0.7266217540234896	0.028132426674623137
41405	0.06696548761616286	0.9315796912118846	0.0014548211719500126
41406	0.0571600065601143	0.6621608140436529	0.2806791793962343
41407	0.0004938413595953039	0.02536950374297592	0.9741366548974333
41408	0.022299798541765694	0.9515779299220498	0.026122271536190837
41409	0.038585309995452066	0.46769585498969796	0.49371883501484715
41410	0.019046418440971474	0.9539621131692175	0.026991468389810876
41411	0.0014919044212450168	0.9980631309878863	0.0004449645908716446
41412	0.005056798751584501	0.16824279578417567	0.8267004054642382
41413	0.05732261984887438	0.8786681488275706	0.06400923132354797
41414	0.07502120393493636	0.7803717927194778	0.1446070033455806
41415	0.35157283066696843	0.6262708358077104	0.022156333525321033
41416	0.556102287003967	0.37540080422314903	0.06849690877288253
41417	0.015030792618919884	0.9820685307644866	0.0029006766165800666
41418	0.6731814392749448	0.3261804322120808	0.0006381285129733223
41419	0.13090665778201171	0.7863398843057634	0.08275345791222637
41420	0.03215206749398552	0.9666412668492604	0.0012066656567469671
41421	0.002548387847601884	0.809691555374336	0.187760056778058
41422	0.47683846522139733	0.43181874708254664	0.0913427876960499
41423	0.8383342243699738	0.12047923394824354	0.041186541681779355
41424	0.04854803036879256	0.10986100615437562	0.8415909634768306
41425	0.003587301756307759	0.9961758249076252	0.0002368733360601049
41426	0.0030196941588072432	0.9969774322745438	2.8735666484256053e-06
41427	0.0009285320723146939	0.9573259159161879	0.04174555201150235
41428	0.021517797040581224	0.9019846175000442	0.07649758545938028
41429	0.0003706001700568976	0.9994433460797626	0.0001860537501842852
41430	0.005525553070530345	0.9936809372732645	0.0007935096561996509
41431	0.003248119520273763	0.9943772268061604	0.0023746536735718094
41432	0.023010992834461362	0.9721741563690149	0.004814850796524763
41433	0.005242808979729495	0.9767484419027316	0.01800874911754528
41434	0.15115767147868703	0.81860527377316	0.030237054748152588
41435	0.24966389182081403	0.7502650046597199	7.110351946974611e-05
41436	0.04304214438992343	0.6341882392803779	0.32276961632969253
41437	0.15283617648888984	0.6314266137419295	0.21573720976918112
41438	0.02295313448191873	0.9627047854960075	0.014342080022076755
41439	0.036542012636387546	0.689412330917514	0.2740456564460992
41440	0.12984142353291098	0.6868664224454654	0.18329215402162075
41441	0.08648524549125496	0.9135004110607913	1.4343447961739427e-05
41442	0.0006810413216587334	0.8317517131034549	0.16756724557487956
41443	0.16373801789001186	0.7049742501461469	0.1312877319638392
41444	0.1955364721569261	0.6420378622361176	0.1624256656069558
41445	3.895485622313021e-05	0.999941650491787	1.9394651991147582e-05
41446	0.8859306403986362	0.1139095014689255	0.00015985813243337205
41447	0.003280132051348557	0.9743313203232958	0.022388547625355127
41448	0.13798972166319518	0.8614123135003009	0.0005979648365094565
41449	0.0016123849374142052	0.9881327298147621	0.010254885247821153
41450	0.019134000913326385	0.9531329387496223	0.02773306033705471
41451	0.375450865900554	0.5952848296706548	0.02926430442879444
41452	0.0049478344636991745	0.6852578904307827	0.309794275105507
41453	0.17297879758469745	0.7570674209578849	0.06995378145741744
41454	0.5153238439208022	0.42023900146838084	0.06443715461081655
41455	0.3361606136548094	0.4462509626372649	0.21758842370792567
41456	0.3751762357931774	0.6245084162965012	0.0003153479103233137
41457	0.00024141806576427182	0.9997376251491618	2.0956785072698617e-05
41458	0.00011567710337329493	0.9994531987712996	0.00043112412531370404
41459	0.13191241860171238	0.8666932806303993	0.0013943007678913668
41460	0.11473544503530334	0.8833311211263754	0.0019334338383239639
41461	0.9156553060488498	0.07838150156870377	0.005963192382448577
41462	0.0017867747506040616	0.9962964687993329	0.00191675645006955
